----------------------------------------------------------------------------

Name:		 Kenneth O'Hanlon
Access ID:	 fj7615

----------------------------------------------------------------------------

Transitive Closure Matrix: 

0  0  0  1  1  0  0  1  1  0  0  0  0  0  0  0  0  0  0  0  
1  0  1  0  0  0  0  0  0  0  0  1  0  0  0  0  0  0  0  0  
1  0  0  1  0  0  0  1  0  0  0  1  1  0  0  0  0  0  0  0  
0  0  0  0  1  0  0  0  0  1  0  0  0  0  0  0  0  0  0  0  
0  0  0  0  0  0  0  0  0  1  0  0  0  1  0  0  0  0  0  0  
0  1  1  0  0  0  1  0  0  0  1  0  0  0  0  0  0  0  0  0  
0  0  0  0  0  0  0  0  0  0  1  0  0  0  1  0  0  0  1  0  
0  0  0  0  0  0  0  0  1  0  0  0  1  0  0  0  0  0  0  0  
0  0  0  0  0  0  0  0  0  1  0  0  1  0  1  1  0  0  0  0  
0  0  0  0  0  0  0  0  0  0  0  0  1  1  0  0  0  0  0  0  
0  0  0  0  0  0  0  0  0  0  0  1  0  0  1  0  0  1  1  1  
0  0  0  0  0  0  0  1  1  1  0  0  1  0  1  1  0  0  0  0  
0  0  0  0  0  0  0  0  0  1  0  1  0  1  1  1  1  0  0  0  
0  0  0  0  0  0  0  0  0  1  0  0  1  0  1  1  0  0  0  0  
0  0  0  0  0  0  0  1  0  0  0  1  1  0  0  0  0  0  0  0  
0  0  0  0  0  0  0  0  0  0  0  0  0  1  0  0  1  0  0  0  
0  0  0  0  0  0  0  0  0  0  0  0  1  1  0  0  0  0  0  0  
0  1  0  0  0  1  1  0  0  0  0  0  0  0  0  0  0  0  0  0  
0  0  0  0  0  1  0  0  0  0  0  0  0  0  0  0  0  1  0  1  
0  0  0  0  0  0  0  0  0  0  0  0  0  0  0  0  0  0  0  0  
